{
 "cells": [
  {
   "cell_type": "markdown",
   "metadata": {},
   "source": [
    "# Task 1"
   ]
  },
  {
   "cell_type": "markdown",
   "metadata": {},
   "source": [
    "**Problem:** select 3 models to predict NBA player salary\n",
    "1. linear regression model\n",
    "2. KNN regression model\n",
    "3. Random forest / Support vector machine\n",
    "\n",
    "**Data:** NBA_Train.csv, NBA_Test.csv\n",
    "\n",
    "**Metadata:** https://stats.nba.com/help/glossary/\n",
    "\n",
    "**Resonse variable:** Salary\n",
    "\n",
    "**Performance metric:** Root mean squared error (RMSE) < 4.1 ($Millions) --  at least 2/3 models have to achieve this goal\n",
    "\n",
    "\n"
   ]
  },
  {
   "cell_type": "markdown",
   "metadata": {},
   "source": [
    "# Data processing and EDA"
   ]
  },
  {
   "cell_type": "code",
   "execution_count": 1,
   "metadata": {},
   "outputs": [],
   "source": [
    "import pandas as pd\n",
    "import numpy as np\n",
    "import matplotlib.pyplot as plt\n",
    "import seaborn as sns\n",
    "sns.set_context('notebook')\n",
    "%matplotlib inline\n",
    "sns.set_style(\"darkgrid\")"
   ]
  },
  {
   "cell_type": "code",
   "execution_count": 2,
   "metadata": {},
   "outputs": [],
   "source": [
    "NBA_train = pd.read_csv('NBA_Train.csv')\n",
    "NBA_test = pd.read_csv('NBA_Test.csv')"
   ]
  },
  {
   "cell_type": "code",
   "execution_count": 3,
   "metadata": {},
   "outputs": [
    {
     "data": {
      "text/html": [
       "<div>\n",
       "<style scoped>\n",
       "    .dataframe tbody tr th:only-of-type {\n",
       "        vertical-align: middle;\n",
       "    }\n",
       "\n",
       "    .dataframe tbody tr th {\n",
       "        vertical-align: top;\n",
       "    }\n",
       "\n",
       "    .dataframe thead th {\n",
       "        text-align: right;\n",
       "    }\n",
       "</style>\n",
       "<table border=\"1\" class=\"dataframe\">\n",
       "  <thead>\n",
       "    <tr style=\"text-align: right;\">\n",
       "      <th></th>\n",
       "      <th>Train_ID</th>\n",
       "      <th>SALARY</th>\n",
       "      <th>Age</th>\n",
       "      <th>Games</th>\n",
       "      <th>Minutes</th>\n",
       "      <th>PER</th>\n",
       "      <th>TS</th>\n",
       "      <th>ORB</th>\n",
       "      <th>DRB</th>\n",
       "      <th>TRB</th>\n",
       "      <th>AST</th>\n",
       "      <th>STL</th>\n",
       "      <th>BLK</th>\n",
       "      <th>TOV</th>\n",
       "      <th>USG</th>\n",
       "      <th>ORtg</th>\n",
       "      <th>DRtg</th>\n",
       "      <th>OWS</th>\n",
       "      <th>DWS</th>\n",
       "      <th>WS</th>\n",
       "    </tr>\n",
       "  </thead>\n",
       "  <tbody>\n",
       "    <tr>\n",
       "      <th>count</th>\n",
       "      <td>126.0000</td>\n",
       "      <td>126.0000</td>\n",
       "      <td>126.0000</td>\n",
       "      <td>126.0000</td>\n",
       "      <td>126.0000</td>\n",
       "      <td>126.0000</td>\n",
       "      <td>126.0000</td>\n",
       "      <td>126.0000</td>\n",
       "      <td>126.0000</td>\n",
       "      <td>126.0000</td>\n",
       "      <td>126.0000</td>\n",
       "      <td>126.0000</td>\n",
       "      <td>126.0000</td>\n",
       "      <td>126.0000</td>\n",
       "      <td>126.0000</td>\n",
       "      <td>126.0000</td>\n",
       "      <td>126.0000</td>\n",
       "      <td>126.0000</td>\n",
       "      <td>126.0000</td>\n",
       "      <td>126.0000</td>\n",
       "    </tr>\n",
       "    <tr>\n",
       "      <th>mean</th>\n",
       "      <td>63.5000</td>\n",
       "      <td>6.7842</td>\n",
       "      <td>26.6825</td>\n",
       "      <td>69.4603</td>\n",
       "      <td>1809.0159</td>\n",
       "      <td>14.9643</td>\n",
       "      <td>0.5425</td>\n",
       "      <td>5.1548</td>\n",
       "      <td>15.1167</td>\n",
       "      <td>10.1365</td>\n",
       "      <td>14.4571</td>\n",
       "      <td>1.5873</td>\n",
       "      <td>1.5222</td>\n",
       "      <td>13.4865</td>\n",
       "      <td>19.9897</td>\n",
       "      <td>107.1825</td>\n",
       "      <td>106.8651</td>\n",
       "      <td>2.3373</td>\n",
       "      <td>1.8397</td>\n",
       "      <td>4.1825</td>\n",
       "    </tr>\n",
       "    <tr>\n",
       "      <th>std</th>\n",
       "      <td>36.5171</td>\n",
       "      <td>5.6479</td>\n",
       "      <td>4.0805</td>\n",
       "      <td>11.4330</td>\n",
       "      <td>703.5615</td>\n",
       "      <td>4.3063</td>\n",
       "      <td>0.0457</td>\n",
       "      <td>3.8254</td>\n",
       "      <td>6.0185</td>\n",
       "      <td>4.6266</td>\n",
       "      <td>9.8211</td>\n",
       "      <td>0.6176</td>\n",
       "      <td>1.3595</td>\n",
       "      <td>4.1566</td>\n",
       "      <td>4.9621</td>\n",
       "      <td>7.5899</td>\n",
       "      <td>3.6799</td>\n",
       "      <td>2.6395</td>\n",
       "      <td>1.1787</td>\n",
       "      <td>3.4027</td>\n",
       "    </tr>\n",
       "    <tr>\n",
       "      <th>min</th>\n",
       "      <td>1.0000</td>\n",
       "      <td>0.1114</td>\n",
       "      <td>19.0000</td>\n",
       "      <td>40.0000</td>\n",
       "      <td>393.0000</td>\n",
       "      <td>6.3000</td>\n",
       "      <td>0.4460</td>\n",
       "      <td>1.0000</td>\n",
       "      <td>6.2000</td>\n",
       "      <td>4.1000</td>\n",
       "      <td>2.1000</td>\n",
       "      <td>0.2000</td>\n",
       "      <td>0.0000</td>\n",
       "      <td>7.2000</td>\n",
       "      <td>9.3000</td>\n",
       "      <td>88.0000</td>\n",
       "      <td>97.0000</td>\n",
       "      <td>-0.9000</td>\n",
       "      <td>0.0000</td>\n",
       "      <td>-0.1000</td>\n",
       "    </tr>\n",
       "    <tr>\n",
       "      <th>25%</th>\n",
       "      <td>32.2500</td>\n",
       "      <td>2.3852</td>\n",
       "      <td>23.0000</td>\n",
       "      <td>62.0000</td>\n",
       "      <td>1290.2500</td>\n",
       "      <td>12.4250</td>\n",
       "      <td>0.5100</td>\n",
       "      <td>2.1250</td>\n",
       "      <td>10.1250</td>\n",
       "      <td>6.0250</td>\n",
       "      <td>7.0250</td>\n",
       "      <td>1.1250</td>\n",
       "      <td>0.6000</td>\n",
       "      <td>10.4000</td>\n",
       "      <td>16.4250</td>\n",
       "      <td>102.0000</td>\n",
       "      <td>104.0000</td>\n",
       "      <td>0.6000</td>\n",
       "      <td>0.9000</td>\n",
       "      <td>1.7250</td>\n",
       "    </tr>\n",
       "    <tr>\n",
       "      <th>50%</th>\n",
       "      <td>63.5000</td>\n",
       "      <td>4.5000</td>\n",
       "      <td>26.0000</td>\n",
       "      <td>72.5000</td>\n",
       "      <td>1859.0000</td>\n",
       "      <td>14.0000</td>\n",
       "      <td>0.5400</td>\n",
       "      <td>3.7000</td>\n",
       "      <td>13.8000</td>\n",
       "      <td>9.2000</td>\n",
       "      <td>11.2500</td>\n",
       "      <td>1.5000</td>\n",
       "      <td>1.1000</td>\n",
       "      <td>12.5000</td>\n",
       "      <td>19.1000</td>\n",
       "      <td>107.0000</td>\n",
       "      <td>107.0000</td>\n",
       "      <td>1.6500</td>\n",
       "      <td>1.6000</td>\n",
       "      <td>3.1500</td>\n",
       "    </tr>\n",
       "    <tr>\n",
       "      <th>75%</th>\n",
       "      <td>94.7500</td>\n",
       "      <td>9.5914</td>\n",
       "      <td>29.0000</td>\n",
       "      <td>79.0000</td>\n",
       "      <td>2405.0000</td>\n",
       "      <td>16.7500</td>\n",
       "      <td>0.5678</td>\n",
       "      <td>7.3000</td>\n",
       "      <td>19.2000</td>\n",
       "      <td>13.9000</td>\n",
       "      <td>19.9750</td>\n",
       "      <td>2.0000</td>\n",
       "      <td>1.8750</td>\n",
       "      <td>15.5000</td>\n",
       "      <td>23.2750</td>\n",
       "      <td>112.0000</td>\n",
       "      <td>110.0000</td>\n",
       "      <td>3.3000</td>\n",
       "      <td>2.4750</td>\n",
       "      <td>5.5750</td>\n",
       "    </tr>\n",
       "    <tr>\n",
       "      <th>max</th>\n",
       "      <td>126.0000</td>\n",
       "      <td>22.9705</td>\n",
       "      <td>37.0000</td>\n",
       "      <td>82.0000</td>\n",
       "      <td>3122.0000</td>\n",
       "      <td>29.8000</td>\n",
       "      <td>0.7300</td>\n",
       "      <td>17.5000</td>\n",
       "      <td>32.1000</td>\n",
       "      <td>22.3000</td>\n",
       "      <td>44.3000</td>\n",
       "      <td>3.8000</td>\n",
       "      <td>7.4000</td>\n",
       "      <td>28.8000</td>\n",
       "      <td>33.0000</td>\n",
       "      <td>130.0000</td>\n",
       "      <td>115.0000</td>\n",
       "      <td>14.8000</td>\n",
       "      <td>6.4000</td>\n",
       "      <td>19.2000</td>\n",
       "    </tr>\n",
       "  </tbody>\n",
       "</table>\n",
       "</div>"
      ],
      "text/plain": [
       "       Train_ID    SALARY       Age     Games    Minutes       PER        TS  \\\n",
       "count  126.0000  126.0000  126.0000  126.0000   126.0000  126.0000  126.0000   \n",
       "mean    63.5000    6.7842   26.6825   69.4603  1809.0159   14.9643    0.5425   \n",
       "std     36.5171    5.6479    4.0805   11.4330   703.5615    4.3063    0.0457   \n",
       "min      1.0000    0.1114   19.0000   40.0000   393.0000    6.3000    0.4460   \n",
       "25%     32.2500    2.3852   23.0000   62.0000  1290.2500   12.4250    0.5100   \n",
       "50%     63.5000    4.5000   26.0000   72.5000  1859.0000   14.0000    0.5400   \n",
       "75%     94.7500    9.5914   29.0000   79.0000  2405.0000   16.7500    0.5678   \n",
       "max    126.0000   22.9705   37.0000   82.0000  3122.0000   29.8000    0.7300   \n",
       "\n",
       "            ORB       DRB       TRB       AST       STL       BLK       TOV  \\\n",
       "count  126.0000  126.0000  126.0000  126.0000  126.0000  126.0000  126.0000   \n",
       "mean     5.1548   15.1167   10.1365   14.4571    1.5873    1.5222   13.4865   \n",
       "std      3.8254    6.0185    4.6266    9.8211    0.6176    1.3595    4.1566   \n",
       "min      1.0000    6.2000    4.1000    2.1000    0.2000    0.0000    7.2000   \n",
       "25%      2.1250   10.1250    6.0250    7.0250    1.1250    0.6000   10.4000   \n",
       "50%      3.7000   13.8000    9.2000   11.2500    1.5000    1.1000   12.5000   \n",
       "75%      7.3000   19.2000   13.9000   19.9750    2.0000    1.8750   15.5000   \n",
       "max     17.5000   32.1000   22.3000   44.3000    3.8000    7.4000   28.8000   \n",
       "\n",
       "            USG      ORtg      DRtg       OWS       DWS        WS  \n",
       "count  126.0000  126.0000  126.0000  126.0000  126.0000  126.0000  \n",
       "mean    19.9897  107.1825  106.8651    2.3373    1.8397    4.1825  \n",
       "std      4.9621    7.5899    3.6799    2.6395    1.1787    3.4027  \n",
       "min      9.3000   88.0000   97.0000   -0.9000    0.0000   -0.1000  \n",
       "25%     16.4250  102.0000  104.0000    0.6000    0.9000    1.7250  \n",
       "50%     19.1000  107.0000  107.0000    1.6500    1.6000    3.1500  \n",
       "75%     23.2750  112.0000  110.0000    3.3000    2.4750    5.5750  \n",
       "max     33.0000  130.0000  115.0000   14.8000    6.4000   19.2000  "
      ]
     },
     "execution_count": 3,
     "metadata": {},
     "output_type": "execute_result"
    }
   ],
   "source": [
    "# NBA_train.info()\n",
    "NBA_train.describe().round(4)"
   ]
  },
  {
   "cell_type": "code",
   "execution_count": 4,
   "metadata": {},
   "outputs": [
    {
     "name": "stdout",
     "output_type": "stream",
     "text": [
      "<class 'pandas.core.frame.DataFrame'>\n",
      "RangeIndex: 126 entries, 0 to 125\n",
      "Data columns (total 22 columns):\n",
      " #   Column    Non-Null Count  Dtype  \n",
      "---  ------    --------------  -----  \n",
      " 0   Train_ID  126 non-null    int64  \n",
      " 1   SALARY    126 non-null    float64\n",
      " 2   POSITION  126 non-null    object \n",
      " 3   TEAM      126 non-null    object \n",
      " 4   Age       126 non-null    int64  \n",
      " 5   Games     126 non-null    int64  \n",
      " 6   Minutes   126 non-null    int64  \n",
      " 7   PER       126 non-null    float64\n",
      " 8   TS        126 non-null    float64\n",
      " 9   ORB       126 non-null    float64\n",
      " 10  DRB       126 non-null    float64\n",
      " 11  TRB       126 non-null    float64\n",
      " 12  AST       126 non-null    float64\n",
      " 13  STL       126 non-null    float64\n",
      " 14  BLK       126 non-null    float64\n",
      " 15  TOV       126 non-null    float64\n",
      " 16  USG       126 non-null    float64\n",
      " 17  ORtg      126 non-null    int64  \n",
      " 18  DRtg      126 non-null    int64  \n",
      " 19  OWS       126 non-null    float64\n",
      " 20  DWS       126 non-null    float64\n",
      " 21  WS        126 non-null    float64\n",
      "dtypes: float64(14), int64(6), object(2)\n",
      "memory usage: 21.8+ KB\n"
     ]
    }
   ],
   "source": [
    "NBA_train.info()"
   ]
  },
  {
   "cell_type": "code",
   "execution_count": 5,
   "metadata": {},
   "outputs": [
    {
     "data": {
      "text/plain": [
       "Train_ID    0\n",
       "SALARY      0\n",
       "POSITION    0\n",
       "TEAM        0\n",
       "Age         0\n",
       "Games       0\n",
       "Minutes     0\n",
       "PER         0\n",
       "TS          0\n",
       "ORB         0\n",
       "DRB         0\n",
       "TRB         0\n",
       "AST         0\n",
       "STL         0\n",
       "BLK         0\n",
       "TOV         0\n",
       "USG         0\n",
       "ORtg        0\n",
       "DRtg        0\n",
       "OWS         0\n",
       "DWS         0\n",
       "WS          0\n",
       "dtype: int64"
      ]
     },
     "execution_count": 5,
     "metadata": {},
     "output_type": "execute_result"
    }
   ],
   "source": [
    "# checking missing values\n",
    "NBA_train.isnull().sum()"
   ]
  },
  {
   "cell_type": "code",
   "execution_count": 6,
   "metadata": {},
   "outputs": [
    {
     "data": {
      "text/html": [
       "<div>\n",
       "<style scoped>\n",
       "    .dataframe tbody tr th:only-of-type {\n",
       "        vertical-align: middle;\n",
       "    }\n",
       "\n",
       "    .dataframe tbody tr th {\n",
       "        vertical-align: top;\n",
       "    }\n",
       "\n",
       "    .dataframe thead th {\n",
       "        text-align: right;\n",
       "    }\n",
       "</style>\n",
       "<table border=\"1\" class=\"dataframe\">\n",
       "  <thead>\n",
       "    <tr style=\"text-align: right;\">\n",
       "      <th></th>\n",
       "      <th>Train_ID</th>\n",
       "      <th>SALARY</th>\n",
       "      <th>Age</th>\n",
       "      <th>Games</th>\n",
       "      <th>Minutes</th>\n",
       "      <th>PER</th>\n",
       "      <th>TS</th>\n",
       "      <th>ORB</th>\n",
       "      <th>DRB</th>\n",
       "      <th>TRB</th>\n",
       "      <th>AST</th>\n",
       "      <th>STL</th>\n",
       "      <th>BLK</th>\n",
       "      <th>TOV</th>\n",
       "      <th>USG</th>\n",
       "      <th>ORtg</th>\n",
       "      <th>DRtg</th>\n",
       "      <th>OWS</th>\n",
       "      <th>DWS</th>\n",
       "      <th>WS</th>\n",
       "    </tr>\n",
       "  </thead>\n",
       "  <tbody>\n",
       "    <tr>\n",
       "      <th>Train_ID</th>\n",
       "      <td>1.000</td>\n",
       "      <td>-0.077</td>\n",
       "      <td>0.035</td>\n",
       "      <td>0.103</td>\n",
       "      <td>0.029</td>\n",
       "      <td>0.010</td>\n",
       "      <td>0.084</td>\n",
       "      <td>0.014</td>\n",
       "      <td>0.034</td>\n",
       "      <td>0.023</td>\n",
       "      <td>-0.078</td>\n",
       "      <td>0.121</td>\n",
       "      <td>0.091</td>\n",
       "      <td>-0.062</td>\n",
       "      <td>-0.067</td>\n",
       "      <td>0.095</td>\n",
       "      <td>-0.096</td>\n",
       "      <td>-0.038</td>\n",
       "      <td>0.051</td>\n",
       "      <td>-0.009</td>\n",
       "    </tr>\n",
       "    <tr>\n",
       "      <th>SALARY</th>\n",
       "      <td>-0.077</td>\n",
       "      <td>1.000</td>\n",
       "      <td>0.054</td>\n",
       "      <td>0.205</td>\n",
       "      <td>0.621</td>\n",
       "      <td>0.670</td>\n",
       "      <td>0.210</td>\n",
       "      <td>-0.045</td>\n",
       "      <td>0.173</td>\n",
       "      <td>0.097</td>\n",
       "      <td>0.310</td>\n",
       "      <td>0.172</td>\n",
       "      <td>-0.040</td>\n",
       "      <td>-0.126</td>\n",
       "      <td>0.620</td>\n",
       "      <td>0.252</td>\n",
       "      <td>-0.266</td>\n",
       "      <td>0.598</td>\n",
       "      <td>0.626</td>\n",
       "      <td>0.678</td>\n",
       "    </tr>\n",
       "    <tr>\n",
       "      <th>Age</th>\n",
       "      <td>0.035</td>\n",
       "      <td>0.054</td>\n",
       "      <td>1.000</td>\n",
       "      <td>-0.131</td>\n",
       "      <td>-0.011</td>\n",
       "      <td>0.103</td>\n",
       "      <td>0.230</td>\n",
       "      <td>-0.079</td>\n",
       "      <td>0.052</td>\n",
       "      <td>0.005</td>\n",
       "      <td>0.085</td>\n",
       "      <td>-0.007</td>\n",
       "      <td>-0.035</td>\n",
       "      <td>0.069</td>\n",
       "      <td>0.032</td>\n",
       "      <td>0.168</td>\n",
       "      <td>-0.117</td>\n",
       "      <td>0.045</td>\n",
       "      <td>0.077</td>\n",
       "      <td>0.061</td>\n",
       "    </tr>\n",
       "    <tr>\n",
       "      <th>Games</th>\n",
       "      <td>0.103</td>\n",
       "      <td>0.205</td>\n",
       "      <td>-0.131</td>\n",
       "      <td>1.000</td>\n",
       "      <td>0.699</td>\n",
       "      <td>0.219</td>\n",
       "      <td>0.222</td>\n",
       "      <td>-0.038</td>\n",
       "      <td>-0.069</td>\n",
       "      <td>-0.061</td>\n",
       "      <td>0.054</td>\n",
       "      <td>-0.011</td>\n",
       "      <td>-0.097</td>\n",
       "      <td>-0.171</td>\n",
       "      <td>0.138</td>\n",
       "      <td>0.283</td>\n",
       "      <td>-0.109</td>\n",
       "      <td>0.388</td>\n",
       "      <td>0.489</td>\n",
       "      <td>0.470</td>\n",
       "    </tr>\n",
       "    <tr>\n",
       "      <th>Minutes</th>\n",
       "      <td>0.029</td>\n",
       "      <td>0.621</td>\n",
       "      <td>-0.011</td>\n",
       "      <td>0.699</td>\n",
       "      <td>1.000</td>\n",
       "      <td>0.543</td>\n",
       "      <td>0.237</td>\n",
       "      <td>-0.283</td>\n",
       "      <td>-0.132</td>\n",
       "      <td>-0.204</td>\n",
       "      <td>0.401</td>\n",
       "      <td>0.195</td>\n",
       "      <td>-0.235</td>\n",
       "      <td>-0.220</td>\n",
       "      <td>0.495</td>\n",
       "      <td>0.345</td>\n",
       "      <td>-0.022</td>\n",
       "      <td>0.661</td>\n",
       "      <td>0.668</td>\n",
       "      <td>0.743</td>\n",
       "    </tr>\n",
       "    <tr>\n",
       "      <th>PER</th>\n",
       "      <td>0.010</td>\n",
       "      <td>0.670</td>\n",
       "      <td>0.103</td>\n",
       "      <td>0.219</td>\n",
       "      <td>0.543</td>\n",
       "      <td>1.000</td>\n",
       "      <td>0.496</td>\n",
       "      <td>0.120</td>\n",
       "      <td>0.334</td>\n",
       "      <td>0.270</td>\n",
       "      <td>0.372</td>\n",
       "      <td>0.148</td>\n",
       "      <td>0.098</td>\n",
       "      <td>-0.200</td>\n",
       "      <td>0.746</td>\n",
       "      <td>0.592</td>\n",
       "      <td>-0.301</td>\n",
       "      <td>0.827</td>\n",
       "      <td>0.591</td>\n",
       "      <td>0.844</td>\n",
       "    </tr>\n",
       "    <tr>\n",
       "      <th>TS</th>\n",
       "      <td>0.084</td>\n",
       "      <td>0.210</td>\n",
       "      <td>0.230</td>\n",
       "      <td>0.222</td>\n",
       "      <td>0.237</td>\n",
       "      <td>0.496</td>\n",
       "      <td>1.000</td>\n",
       "      <td>0.046</td>\n",
       "      <td>0.002</td>\n",
       "      <td>0.026</td>\n",
       "      <td>-0.024</td>\n",
       "      <td>0.038</td>\n",
       "      <td>0.138</td>\n",
       "      <td>-0.034</td>\n",
       "      <td>0.032</td>\n",
       "      <td>0.859</td>\n",
       "      <td>-0.099</td>\n",
       "      <td>0.608</td>\n",
       "      <td>0.216</td>\n",
       "      <td>0.545</td>\n",
       "    </tr>\n",
       "    <tr>\n",
       "      <th>ORB</th>\n",
       "      <td>0.014</td>\n",
       "      <td>-0.045</td>\n",
       "      <td>-0.079</td>\n",
       "      <td>-0.038</td>\n",
       "      <td>-0.283</td>\n",
       "      <td>0.120</td>\n",
       "      <td>0.046</td>\n",
       "      <td>1.000</td>\n",
       "      <td>0.752</td>\n",
       "      <td>0.902</td>\n",
       "      <td>-0.500</td>\n",
       "      <td>-0.346</td>\n",
       "      <td>0.638</td>\n",
       "      <td>0.118</td>\n",
       "      <td>-0.171</td>\n",
       "      <td>0.088</td>\n",
       "      <td>-0.482</td>\n",
       "      <td>-0.086</td>\n",
       "      <td>0.115</td>\n",
       "      <td>-0.028</td>\n",
       "    </tr>\n",
       "    <tr>\n",
       "      <th>DRB</th>\n",
       "      <td>0.034</td>\n",
       "      <td>0.173</td>\n",
       "      <td>0.052</td>\n",
       "      <td>-0.069</td>\n",
       "      <td>-0.132</td>\n",
       "      <td>0.334</td>\n",
       "      <td>0.002</td>\n",
       "      <td>0.752</td>\n",
       "      <td>1.000</td>\n",
       "      <td>0.962</td>\n",
       "      <td>-0.384</td>\n",
       "      <td>-0.328</td>\n",
       "      <td>0.601</td>\n",
       "      <td>-0.034</td>\n",
       "      <td>0.113</td>\n",
       "      <td>-0.005</td>\n",
       "      <td>-0.572</td>\n",
       "      <td>0.056</td>\n",
       "      <td>0.298</td>\n",
       "      <td>0.144</td>\n",
       "    </tr>\n",
       "    <tr>\n",
       "      <th>TRB</th>\n",
       "      <td>0.023</td>\n",
       "      <td>0.097</td>\n",
       "      <td>0.005</td>\n",
       "      <td>-0.061</td>\n",
       "      <td>-0.204</td>\n",
       "      <td>0.270</td>\n",
       "      <td>0.026</td>\n",
       "      <td>0.902</td>\n",
       "      <td>0.962</td>\n",
       "      <td>1.000</td>\n",
       "      <td>-0.456</td>\n",
       "      <td>-0.359</td>\n",
       "      <td>0.655</td>\n",
       "      <td>0.029</td>\n",
       "      <td>0.007</td>\n",
       "      <td>0.036</td>\n",
       "      <td>-0.583</td>\n",
       "      <td>0.006</td>\n",
       "      <td>0.249</td>\n",
       "      <td>0.088</td>\n",
       "    </tr>\n",
       "    <tr>\n",
       "      <th>AST</th>\n",
       "      <td>-0.078</td>\n",
       "      <td>0.310</td>\n",
       "      <td>0.085</td>\n",
       "      <td>0.054</td>\n",
       "      <td>0.401</td>\n",
       "      <td>0.372</td>\n",
       "      <td>-0.024</td>\n",
       "      <td>-0.500</td>\n",
       "      <td>-0.384</td>\n",
       "      <td>-0.456</td>\n",
       "      <td>1.000</td>\n",
       "      <td>0.452</td>\n",
       "      <td>-0.447</td>\n",
       "      <td>0.350</td>\n",
       "      <td>0.417</td>\n",
       "      <td>0.097</td>\n",
       "      <td>0.144</td>\n",
       "      <td>0.358</td>\n",
       "      <td>0.210</td>\n",
       "      <td>0.350</td>\n",
       "    </tr>\n",
       "    <tr>\n",
       "      <th>STL</th>\n",
       "      <td>0.121</td>\n",
       "      <td>0.172</td>\n",
       "      <td>-0.007</td>\n",
       "      <td>-0.011</td>\n",
       "      <td>0.195</td>\n",
       "      <td>0.148</td>\n",
       "      <td>0.038</td>\n",
       "      <td>-0.346</td>\n",
       "      <td>-0.328</td>\n",
       "      <td>-0.359</td>\n",
       "      <td>0.452</td>\n",
       "      <td>1.000</td>\n",
       "      <td>-0.297</td>\n",
       "      <td>0.249</td>\n",
       "      <td>0.037</td>\n",
       "      <td>0.062</td>\n",
       "      <td>-0.077</td>\n",
       "      <td>0.121</td>\n",
       "      <td>0.211</td>\n",
       "      <td>0.168</td>\n",
       "    </tr>\n",
       "    <tr>\n",
       "      <th>BLK</th>\n",
       "      <td>0.091</td>\n",
       "      <td>-0.040</td>\n",
       "      <td>-0.035</td>\n",
       "      <td>-0.097</td>\n",
       "      <td>-0.235</td>\n",
       "      <td>0.098</td>\n",
       "      <td>0.138</td>\n",
       "      <td>0.638</td>\n",
       "      <td>0.601</td>\n",
       "      <td>0.655</td>\n",
       "      <td>-0.447</td>\n",
       "      <td>-0.297</td>\n",
       "      <td>1.000</td>\n",
       "      <td>0.117</td>\n",
       "      <td>-0.187</td>\n",
       "      <td>0.031</td>\n",
       "      <td>-0.491</td>\n",
       "      <td>-0.118</td>\n",
       "      <td>0.146</td>\n",
       "      <td>-0.043</td>\n",
       "    </tr>\n",
       "    <tr>\n",
       "      <th>TOV</th>\n",
       "      <td>-0.062</td>\n",
       "      <td>-0.126</td>\n",
       "      <td>0.069</td>\n",
       "      <td>-0.171</td>\n",
       "      <td>-0.220</td>\n",
       "      <td>-0.200</td>\n",
       "      <td>-0.034</td>\n",
       "      <td>0.118</td>\n",
       "      <td>-0.034</td>\n",
       "      <td>0.029</td>\n",
       "      <td>0.350</td>\n",
       "      <td>0.249</td>\n",
       "      <td>0.117</td>\n",
       "      <td>1.000</td>\n",
       "      <td>-0.318</td>\n",
       "      <td>-0.222</td>\n",
       "      <td>-0.115</td>\n",
       "      <td>-0.212</td>\n",
       "      <td>-0.065</td>\n",
       "      <td>-0.188</td>\n",
       "    </tr>\n",
       "    <tr>\n",
       "      <th>USG</th>\n",
       "      <td>-0.067</td>\n",
       "      <td>0.620</td>\n",
       "      <td>0.032</td>\n",
       "      <td>0.138</td>\n",
       "      <td>0.495</td>\n",
       "      <td>0.746</td>\n",
       "      <td>0.032</td>\n",
       "      <td>-0.171</td>\n",
       "      <td>0.113</td>\n",
       "      <td>0.007</td>\n",
       "      <td>0.417</td>\n",
       "      <td>0.037</td>\n",
       "      <td>-0.187</td>\n",
       "      <td>-0.318</td>\n",
       "      <td>1.000</td>\n",
       "      <td>0.078</td>\n",
       "      <td>-0.069</td>\n",
       "      <td>0.528</td>\n",
       "      <td>0.405</td>\n",
       "      <td>0.549</td>\n",
       "    </tr>\n",
       "    <tr>\n",
       "      <th>ORtg</th>\n",
       "      <td>0.095</td>\n",
       "      <td>0.252</td>\n",
       "      <td>0.168</td>\n",
       "      <td>0.283</td>\n",
       "      <td>0.345</td>\n",
       "      <td>0.592</td>\n",
       "      <td>0.859</td>\n",
       "      <td>0.088</td>\n",
       "      <td>-0.005</td>\n",
       "      <td>0.036</td>\n",
       "      <td>0.097</td>\n",
       "      <td>0.062</td>\n",
       "      <td>0.031</td>\n",
       "      <td>-0.222</td>\n",
       "      <td>0.078</td>\n",
       "      <td>1.000</td>\n",
       "      <td>-0.058</td>\n",
       "      <td>0.726</td>\n",
       "      <td>0.269</td>\n",
       "      <td>0.654</td>\n",
       "    </tr>\n",
       "    <tr>\n",
       "      <th>DRtg</th>\n",
       "      <td>-0.096</td>\n",
       "      <td>-0.266</td>\n",
       "      <td>-0.117</td>\n",
       "      <td>-0.109</td>\n",
       "      <td>-0.022</td>\n",
       "      <td>-0.301</td>\n",
       "      <td>-0.099</td>\n",
       "      <td>-0.482</td>\n",
       "      <td>-0.572</td>\n",
       "      <td>-0.583</td>\n",
       "      <td>0.144</td>\n",
       "      <td>-0.077</td>\n",
       "      <td>-0.491</td>\n",
       "      <td>-0.115</td>\n",
       "      <td>-0.069</td>\n",
       "      <td>-0.058</td>\n",
       "      <td>1.000</td>\n",
       "      <td>-0.101</td>\n",
       "      <td>-0.717</td>\n",
       "      <td>-0.326</td>\n",
       "    </tr>\n",
       "    <tr>\n",
       "      <th>OWS</th>\n",
       "      <td>-0.038</td>\n",
       "      <td>0.598</td>\n",
       "      <td>0.045</td>\n",
       "      <td>0.388</td>\n",
       "      <td>0.661</td>\n",
       "      <td>0.827</td>\n",
       "      <td>0.608</td>\n",
       "      <td>-0.086</td>\n",
       "      <td>0.056</td>\n",
       "      <td>0.006</td>\n",
       "      <td>0.358</td>\n",
       "      <td>0.121</td>\n",
       "      <td>-0.118</td>\n",
       "      <td>-0.212</td>\n",
       "      <td>0.528</td>\n",
       "      <td>0.726</td>\n",
       "      <td>-0.101</td>\n",
       "      <td>1.000</td>\n",
       "      <td>0.524</td>\n",
       "      <td>0.956</td>\n",
       "    </tr>\n",
       "    <tr>\n",
       "      <th>DWS</th>\n",
       "      <td>0.051</td>\n",
       "      <td>0.626</td>\n",
       "      <td>0.077</td>\n",
       "      <td>0.489</td>\n",
       "      <td>0.668</td>\n",
       "      <td>0.591</td>\n",
       "      <td>0.216</td>\n",
       "      <td>0.115</td>\n",
       "      <td>0.298</td>\n",
       "      <td>0.249</td>\n",
       "      <td>0.210</td>\n",
       "      <td>0.211</td>\n",
       "      <td>0.146</td>\n",
       "      <td>-0.065</td>\n",
       "      <td>0.405</td>\n",
       "      <td>0.269</td>\n",
       "      <td>-0.717</td>\n",
       "      <td>0.524</td>\n",
       "      <td>1.000</td>\n",
       "      <td>0.751</td>\n",
       "    </tr>\n",
       "    <tr>\n",
       "      <th>WS</th>\n",
       "      <td>-0.009</td>\n",
       "      <td>0.678</td>\n",
       "      <td>0.061</td>\n",
       "      <td>0.470</td>\n",
       "      <td>0.743</td>\n",
       "      <td>0.844</td>\n",
       "      <td>0.545</td>\n",
       "      <td>-0.028</td>\n",
       "      <td>0.144</td>\n",
       "      <td>0.088</td>\n",
       "      <td>0.350</td>\n",
       "      <td>0.168</td>\n",
       "      <td>-0.043</td>\n",
       "      <td>-0.188</td>\n",
       "      <td>0.549</td>\n",
       "      <td>0.654</td>\n",
       "      <td>-0.326</td>\n",
       "      <td>0.956</td>\n",
       "      <td>0.751</td>\n",
       "      <td>1.000</td>\n",
       "    </tr>\n",
       "  </tbody>\n",
       "</table>\n",
       "</div>"
      ],
      "text/plain": [
       "          Train_ID  SALARY    Age  Games  Minutes    PER     TS    ORB    DRB  \\\n",
       "Train_ID     1.000  -0.077  0.035  0.103    0.029  0.010  0.084  0.014  0.034   \n",
       "SALARY      -0.077   1.000  0.054  0.205    0.621  0.670  0.210 -0.045  0.173   \n",
       "Age          0.035   0.054  1.000 -0.131   -0.011  0.103  0.230 -0.079  0.052   \n",
       "Games        0.103   0.205 -0.131  1.000    0.699  0.219  0.222 -0.038 -0.069   \n",
       "Minutes      0.029   0.621 -0.011  0.699    1.000  0.543  0.237 -0.283 -0.132   \n",
       "PER          0.010   0.670  0.103  0.219    0.543  1.000  0.496  0.120  0.334   \n",
       "TS           0.084   0.210  0.230  0.222    0.237  0.496  1.000  0.046  0.002   \n",
       "ORB          0.014  -0.045 -0.079 -0.038   -0.283  0.120  0.046  1.000  0.752   \n",
       "DRB          0.034   0.173  0.052 -0.069   -0.132  0.334  0.002  0.752  1.000   \n",
       "TRB          0.023   0.097  0.005 -0.061   -0.204  0.270  0.026  0.902  0.962   \n",
       "AST         -0.078   0.310  0.085  0.054    0.401  0.372 -0.024 -0.500 -0.384   \n",
       "STL          0.121   0.172 -0.007 -0.011    0.195  0.148  0.038 -0.346 -0.328   \n",
       "BLK          0.091  -0.040 -0.035 -0.097   -0.235  0.098  0.138  0.638  0.601   \n",
       "TOV         -0.062  -0.126  0.069 -0.171   -0.220 -0.200 -0.034  0.118 -0.034   \n",
       "USG         -0.067   0.620  0.032  0.138    0.495  0.746  0.032 -0.171  0.113   \n",
       "ORtg         0.095   0.252  0.168  0.283    0.345  0.592  0.859  0.088 -0.005   \n",
       "DRtg        -0.096  -0.266 -0.117 -0.109   -0.022 -0.301 -0.099 -0.482 -0.572   \n",
       "OWS         -0.038   0.598  0.045  0.388    0.661  0.827  0.608 -0.086  0.056   \n",
       "DWS          0.051   0.626  0.077  0.489    0.668  0.591  0.216  0.115  0.298   \n",
       "WS          -0.009   0.678  0.061  0.470    0.743  0.844  0.545 -0.028  0.144   \n",
       "\n",
       "            TRB    AST    STL    BLK    TOV    USG   ORtg   DRtg    OWS  \\\n",
       "Train_ID  0.023 -0.078  0.121  0.091 -0.062 -0.067  0.095 -0.096 -0.038   \n",
       "SALARY    0.097  0.310  0.172 -0.040 -0.126  0.620  0.252 -0.266  0.598   \n",
       "Age       0.005  0.085 -0.007 -0.035  0.069  0.032  0.168 -0.117  0.045   \n",
       "Games    -0.061  0.054 -0.011 -0.097 -0.171  0.138  0.283 -0.109  0.388   \n",
       "Minutes  -0.204  0.401  0.195 -0.235 -0.220  0.495  0.345 -0.022  0.661   \n",
       "PER       0.270  0.372  0.148  0.098 -0.200  0.746  0.592 -0.301  0.827   \n",
       "TS        0.026 -0.024  0.038  0.138 -0.034  0.032  0.859 -0.099  0.608   \n",
       "ORB       0.902 -0.500 -0.346  0.638  0.118 -0.171  0.088 -0.482 -0.086   \n",
       "DRB       0.962 -0.384 -0.328  0.601 -0.034  0.113 -0.005 -0.572  0.056   \n",
       "TRB       1.000 -0.456 -0.359  0.655  0.029  0.007  0.036 -0.583  0.006   \n",
       "AST      -0.456  1.000  0.452 -0.447  0.350  0.417  0.097  0.144  0.358   \n",
       "STL      -0.359  0.452  1.000 -0.297  0.249  0.037  0.062 -0.077  0.121   \n",
       "BLK       0.655 -0.447 -0.297  1.000  0.117 -0.187  0.031 -0.491 -0.118   \n",
       "TOV       0.029  0.350  0.249  0.117  1.000 -0.318 -0.222 -0.115 -0.212   \n",
       "USG       0.007  0.417  0.037 -0.187 -0.318  1.000  0.078 -0.069  0.528   \n",
       "ORtg      0.036  0.097  0.062  0.031 -0.222  0.078  1.000 -0.058  0.726   \n",
       "DRtg     -0.583  0.144 -0.077 -0.491 -0.115 -0.069 -0.058  1.000 -0.101   \n",
       "OWS       0.006  0.358  0.121 -0.118 -0.212  0.528  0.726 -0.101  1.000   \n",
       "DWS       0.249  0.210  0.211  0.146 -0.065  0.405  0.269 -0.717  0.524   \n",
       "WS        0.088  0.350  0.168 -0.043 -0.188  0.549  0.654 -0.326  0.956   \n",
       "\n",
       "            DWS     WS  \n",
       "Train_ID  0.051 -0.009  \n",
       "SALARY    0.626  0.678  \n",
       "Age       0.077  0.061  \n",
       "Games     0.489  0.470  \n",
       "Minutes   0.668  0.743  \n",
       "PER       0.591  0.844  \n",
       "TS        0.216  0.545  \n",
       "ORB       0.115 -0.028  \n",
       "DRB       0.298  0.144  \n",
       "TRB       0.249  0.088  \n",
       "AST       0.210  0.350  \n",
       "STL       0.211  0.168  \n",
       "BLK       0.146 -0.043  \n",
       "TOV      -0.065 -0.188  \n",
       "USG       0.405  0.549  \n",
       "ORtg      0.269  0.654  \n",
       "DRtg     -0.717 -0.326  \n",
       "OWS       0.524  0.956  \n",
       "DWS       1.000  0.751  \n",
       "WS        0.751  1.000  "
      ]
     },
     "execution_count": 6,
     "metadata": {},
     "output_type": "execute_result"
    }
   ],
   "source": [
    "NBA_train.corr().round(3)"
   ]
  },
  {
   "cell_type": "code",
   "execution_count": 7,
   "metadata": {},
   "outputs": [
    {
     "data": {
